6623
9072
13562
17282
20911
26263
32477
33929
29529
35562
49714
60464
78109
93304
111085
122833
141022
159756
183116
218271
240136
266175
310856
353985
377024
323968
352032
332964
322952
306983
310019
310043
310055
332168
354629
370925
390257.8
378171.8
366085.9
354000
264117.2
244683.9
217765.9
175152.7
99738
72593.3
55828
62472.7
54269.1
53986.1
44023.9
32184.2
31822.8
25443.8
22276.9
13834.8
10714.2
2662.8
1206.6
2058.3
2366
0
0
0
0
0
0
0
0
0
0
0
0
0
0
0
0
0
0
0
0
0
0
0
0
0
0
0
0
0
0
0
0
0
0
0
0
0
0
0
0
0
0
0
0
0
0
0
0
0
0
0
0
0
0
0
0
0
0
0
0
0
0
0
0
0
0
0
0
0
0
0
0
0
0
0
0
0
0
0
0
0
0
0
0
0
0
0
0
0
0
0
0
0
0
0
0
0
0
0
0
0
0
0
0
0
0
0
0
0
0
