4.97E-01
8.13E-01
1.17E+00
1.58E+00
2.15E+00
2.89E+00
3.80E+00
4.92E+00
6.24E+00
7.56E+00
8.82E+00
1.03E+01
1.22E+01
1.47E+01
1.78E+01
2.15E+01
2.58E+01
3.06E+01
3.60E+01
4.21E+01
4.91E+01
5.71E+01
6.60E+01
7.58E+01
8.70E+01
9.96E+01
1.12E+02
1.25E+02
1.37E+02
1.49E+02
1.59E+02
1.69E+02
1.78E+02
1.86E+02
1.94E+02
2.03E+02
2.12E+02
2.23E+02
2.35E+02
2.45E+02
2.53E+02
2.60E+02
2.65E+02
2.68E+02
2.70E+02
2.70E+02
2.69E+02
2.68E+02
2.67E+02
2.65E+02
2.63E+02
2.62E+02
2.60E+02
2.58E+02
2.56E+02
2.54E+02
2.51E+02
2.48E+02
2.45E+02
2.41E+02
2.37E+02
2.34E+02
2.30E+02
2.26E+02
2.22E+02
2.19E+02
2.15E+02
2.11E+02
2.08E+02
2.04E+02
2.01E+02
1.97E+02
1.94E+02
1.90E+02
1.87E+02
1.83E+02
1.80E+02
1.77E+02
1.73E+02
1.70E+02
1.67E+02
1.64E+02
1.60E+02
1.57E+02
1.54E+02
1.51E+02
1.48E+02
1.45E+02
1.42E+02
1.39E+02
1.37E+02
1.34E+02
1.31E+02
1.28E+02
1.26E+02
1.23E+02
1.20E+02
1.18E+02
1.15E+02
1.13E+02
1.10E+02
1.08E+02
1.05E+02
1.03E+02
1.01E+02
9.86E+01
9.64E+01
9.42E+01
9.20E+01
8.99E+01
8.79E+01
8.58E+01
8.38E+01
8.19E+01
8.00E+01
7.81E+01
7.62E+01
7.44E+01
7.26E+01
7.08E+01
6.91E+01
6.74E+01
6.58E+01
6.42E+01
6.26E+01
6.10E+01
5.95E+01
5.80E+01
5.65E+01
5.51E+01
5.36E+01
5.23E+01
5.09E+01
4.96E+01
4.83E+01
4.70E+01
4.58E+01
4.46E+01
4.34E+01
4.23E+01
4.11E+01
4.00E+01
3.89E+01
3.79E+01
3.69E+01
3.59E+01
3.49E+01
3.40E+01
3.30E+01
3.21E+01
3.12E+01
3.04E+01
2.95E+01
2.87E+01
2.79E+01
2.71E+01
2.64E+01
2.56E+01
2.49E+01
2.42E+01
2.35E+01
2.29E+01
2.22E+01
2.16E+01
2.10E+01
2.04E+01
1.98E+01
1.92E+01
1.87E+01
1.82E+01
1.76E+01
