900071.4
892603.3
893587.7
895503
896928.9
898160
900050.4
902143.8
902084.5
899857.4
902967.6
909992.5
915505.4
924658
933539.3
944437.7
953147.1
966483.1
981404
999609.2
1026488.2
1049142.2
1076397.1
1117846.2
1163361.6
1200890.4
1196375
1213254.7
1224421.5
1241634
1282760
1329761.9
1363494.9
1407547.4
1460898.8
1516902.6
1559464.3
1601160.4
1629228.5
1669422
1721882.6
1736264
1798976.6
1842246.5
1901609.8
1893852.3
1863168.6
1820886.1
1802106.5
1768880.7
1744549
1711281.4
1671876.3
1645387
1604768
1570677.8
1524920.3
1477681.6
1420017
1355599.2
1304286
1255492.4
1206536.5
1159680.2
1114824.9
1071877
1030747.8
991353
953612.4
917450.3
882794.4
849576
817730.1
787194.7
757910.9
729822.7
702876.7
677022.3
652211.2
628397.4
605537.3
583589.2
562513.3
542272
522829.2
504150.5
486203.2
468956.1
452379.5
436444.9
421125.3
406394.9
392228.9
378603.8
365497.1
352887.4
340754.2
329077.8
317839.5
307021.5
296606.7
286578.7
276921.8
267621.3
258662.6
250032.3
241717.2
233704.7
225983
218540.5
211366.3
204449.8
197781
191350.3
185148.4
179166.5
173396.1
167829
162457.6
157274.2
152271.9
147443.6
142782.8
138283.3
133938.9
129743.8
125692.5
121779.7
118000.1
114348.8
110821.2
107412.7
104118.8
100935.5
97858.7
94884.5
92009.2
89229.3
86541.2
83941.8
81427.8
78996.2
76644
74368.5
72166.9
70036.6
67975.2
65980.1
64049.2
62180
60370.6
58618.8
56922.6
55280.2
53689.6
52149.1
50657
49211.7
47811.4
46454.8
45140.3
43866.6
42632.1
41435.8
40276.1
39152
38062.3
37005.8
35981.3
34988
34024.6
