14091.1
8087.6
11646.7
15856.1
19679.9
24372.5
30383.6
33988.3
31756.1
32451.8
42689.1
54951.1
68956.5
84422.6
100186.6
114123.6
127686
144835.1
164910.8
191392
217482
238920.2
269406.9
308469.6
339495.1
328483.5
335152.2
321797.2
305739.5
265857
263017.1
276310
266002.5
278816.6
298625.2
328363.3
348561.7
350103.7
325892.4
301539.3
249735.9
181971.2
174496
115789.4
107495.5
103277
98110.6
81252.2
87494.9
78317.8
77291.5
71589.3
58312.1
66062.8
56367
59592.2
57953
60327.3
65624.5
53371.4
51159.6
48955.9
46856.3
44855.3
42947.9
41129.2
39394.9
37740.5
36162.1
34655.9
33218.3
31845.9
30535.4
29283.8
28088.3
26946
25854.4
24811.1
23813.7
22860.1
21948.1
21075.8
20241.3
19442.9
18678.7
17947.3
17247.1
16576.6
15934.6
15319.6
14730.5
14166
13625.1
13106.7
12609.7
12133.3
11676.4
11238.3
10818
10414.8
10028
9656.8
9300.6
8958.6
8630.3
8315.1
8012.4
7721.7
7442.5
7174.2
6916.5
6668.8
6430.7
6201.9
5981.9
5770.4
5567
5371.5
5183.3
5002.4
4828.3
4660.8
4499.5
4344.4
4195.1
4051.3
3912.9
3779.6
3651.2
3527.6
3408.5
3293.8
3183.3
3076.8
2974.2
2875.3
2780
2688
2599.4
2514
2431.6
2352.2
2275.5
2201.6
2130.3
2061.5
1995
1931
1869.1
1809.4
1751.8
1696.2
1642.4
1590.6
1540.5
1492.1
1445.4
1400.2
1356.6
1314.5
1273.8
1234.4
1196.4
1159.6
1124.1
1089.7
1056.5
1024.4
993.4
963.3
934.3
